name,size,about
EPS C82,1,"This course offers multidisciplinary approach to begin answering the question ""..."
EPS 103,1,Introduction to marine geochemistry: the global water cycle; processes governin...
EPS C82,1,"This course offers multidisciplinary approach to begin answering the question ""..."
EPS 103,1,Introduction to marine geochemistry: the global water cycle; processes governin...
EPS C82,1,"This course offers multidisciplinary approach to begin answering the question ""..."
EPS 103,1,Introduction to marine geochemistry: the global water cycle; processes governin...
EPS C82,1,"This course offers multidisciplinary approach to begin answering the question ""..."
EPS 103,1,Introduction to marine geochemistry: the global water cycle; processes governin...
EPS C82,1,"This course offers multidisciplinary approach to begin answering the question ""..."
EPS 103,1,Introduction to marine geochemistry: the global water cycle; processes governin...
EPS C82,1,"This course offers multidisciplinary approach to begin answering the question ""..."
EPS 103,1,Introduction to marine geochemistry: the global water cycle; processes governin...
